%YAML:1.0
---
# 这里的sRT是从colmap到GPS-NED坐标系下的
R: !!opencv-matrix
   rows: 3
   cols: 3
   dt: d
   data: [ -2.3082463312060178e-01, -1.1983016660251435e-01,
       -9.6558827660486646e-01, 9.7228286119190543e-01,
       9.5647561447843345e-03, -2.3361197159472241e-01,
       3.7229377878525559e-02, -9.9274832994667139e-01,
       1.1430103591338797e-01 ]
t: !!opencv-matrix
   rows: 3
   cols: 1
   dt: d
   data: [ 3.4040016535346041e+01, 1.0874872867354425e+02,
       9.6187504959159287e+02 ]
s: 4.7625973516494657e-01
